201607 ; 628,02 ; 636,36 ; 647,98 ; 648,09 ; 651,58 ; 651,86 ; 654,70 ; 654,74 ; 654,98 ; 655,07 ; 655,33 ; 655,85 ; 656,89 ; 657,45 ; 658,83 ; 659,56 ; 661,41 ; 662,15 ; 664,57 ; 664,88 ; 665,64 ; 666,49 ; 672,77 ; 672,84 ; 673,21 ; 673,79 ; 675,46
201608 ; 515,06 ; 565,05 ; 570,14 ; 570,98 ; 571,54 ; 574,83 ; 575,22 ; 575,52 ; 576,04 ; 576,53 ; 576,56 ; 576,66 ; 577,32 ; 578,62 ; 579,86 ; 581,07 ; 581,12 ; 582,82 ; 582,85 ; 583,21 ; 586,19 ; 586,43 ; 587,76 ; 588,23 ; 588,78 ; 588,97 ; 589,24 ; 592,19 ; 592,70 ; 594,27 ; 606,32
201609 ; 572,82 ; 576,22 ; 597,42 ; 598,88 ; 600,89 ; 601,75 ; 603,89 ; 604,22 ; 605,68 ; 605,96 ; 606,36 ; 608,01 ; 608,11 ; 608,15 ; 608,16 ; 609,11 ; 609,40 ; 609,67 ; 609,75 ; 610,20 ; 610,39 ; 610,60 ; 610,93 ; 611,10 ; 611,59 ; 612,08 ; 614,46 ; 625,07 ; 625,76 ; 627,78
201610 ; 609,62 ; 610,52 ; 611,85 ; 612,09 ; 612,35 ; 614,82 ; 615,66 ; 617,21 ; 617,55 ; 618,05 ; 629,25 ; 630,23 ; 631,92 ; 635,01 ; 635,97 ; 636,30 ; 637,95 ; 638,18 ; 639,31 ; 639,57 ; 641,43 ; 651,40 ; 653,00 ; 655,32 ; 655,49 ; 672,22 ; 682,22 ; 687,69 ; 698,00 ; 702,00 ; 714,90
201611 ; 686,17 ; 701,90 ; 703,69 ; 703,72 ; 703,82 ; 704,79 ; 706,47 ; 708,97 ; 710,91 ; 712,00 ; 713,69 ; 715,46 ; 720,93 ; 727,97 ; 728,21 ; 729,07 ; 732,71 ; 733,05 ; 733,34 ; 733,67 ; 736,91 ; 736,96 ; 737,45 ; 738,54 ; 739,79 ; 741,64 ; 742,70 ; 747,52 ; 748,75 ; 750,03
201612 ; 752,25 ; 754,64 ; 756,62 ; 764,34 ; 764,82 ; 766,12 ; 768,30 ; 769,73 ; 770,03 ; 772,44 ; 773,40 ; 774,90 ; 776,75 ; 777,01 ; 778,49 ; 781,57 ; 788,41 ; 788,71 ; 789,52 ; 793,09 ; 824,22 ; 860,60 ; 886,90 ; 891,61 ; 897,34 ; 901,32 ; 930,38 ; 952,16 ; 959,88 ; 963,38 ; 967,48
201701 ; 785,22 ; 803,37 ; 817,91 ; 822,21 ; 826,30 ; 830,51 ; 874,99 ; 883,10 ; 890,32 ; 893,05 ; 893,62 ; 894,18 ; 895,80 ; 896,83 ; 903,85 ; 906,06 ; 908,15 ; 915,93 ; 915,96 ; 918,60 ; 919,28 ; 920,31 ; 920,45 ; 921,18 ; 922,07 ; 964,71 ; 994,67 ; 997,73 ; 1015,98 ; 1023,14 ; 1126,76
201702 ; 976,10 ; 979,70 ; 999,10 ; 999,88 ; 1000,60 ; 1007,61 ; 1008,85 ; 1011,78 ; 1012,33 ; 1013,03 ; 1014,84 ; 1024,01 ; 1031,00 ; 1035,21 ; 1050,11 ; 1052,38 ; 1052,78 ; 1055,54 ; 1056,64 ; 1084,76 ; 1123,22 ; 1123,79 ; 1150,61 ; 1172,02 ; 1174,87 ; 1175,05 ; 1187,57 ; 1190,75
201703 ; 941,92 ; 952,23 ; 956,79 ; 959,34 ; 1028,73 ; 1029,80 ; 1037,23 ; 1037,90 ; 1038,79 ; 1040,58 ; 1046,13 ; 1049,08 ; 1079,55 ; 1091,17 ; 1098,62 ; 1118,63 ; 1157,39 ; 1179,16 ; 1180,95 ; 1192,47 ; 1222,50 ; 1227,49 ; 1238,45 ; 1239,82 ; 1245,37 ; 1257,40 ; 1259,41 ; 1267,03 ; 1270,93 ; 1275,20 ; 1285,14
201704 ; 1086,93 ; 1099,17 ; 1133,08 ; 1141,60 ; 1141,81 ; 1180,02 ; 1181,15 ; 1184,88 ; 1185,26 ; 1186,93 ; 1190,45 ; 1196,31 ; 1205,63 ; 1207,74 ; 1208,80 ; 1216,19 ; 1217,93 ; 1218,92 ; 1226,62 ; 1241,69 ; 1257,99 ; 1258,36 ; 1261,31 ; 1262,90 ; 1279,41 ; 1309,11 ; 1331,29 ; 1334,98 ; 1345,35 ; 1353,00
201705 ; 1417,17 ; 1452,08 ; 1507,58 ; 1508,29 ; 1533,34 ; 1535,87 ; 1560,41 ; 1640,62 ; 1720,48 ; 1721,28 ; 1723,13 ; 1739,03 ; 1762,89 ; 1771,92 ; 1776,32 ; 1807,49 ; 1820,99 ; 1899,08 ; 1961,52 ; 2014,05 ; 2046,53 ; 2052,91 ; 2090,66 ; 2192,98 ; 2211,98 ; 2239,21 ; 2275,93 ; 2285,93 ; 2287,71 ; 2379,19 ; 2387,21
201706 ; 2399,24 ; 2436,45 ; 2442,48 ; 2446,14 ; 2447,04 ; 2464,96 ; 2477,64 ; 2507,39 ; 2512,37 ; 2516,17 ; 2517,90 ; 2525,77 ; 2544,41 ; 2585,35 ; 2589,16 ; 2617,21 ; 2657,68 ; 2664,92 ; 2665,93 ; 2671,04 ; 2698,31 ; 2710,41 ; 2727,29 ; 2748,19 ; 2754,98 ; 2793,00 ; 2827,49 ; 2845,37 ; 2883,31 ; 2961,83
201707 ; 2434,08 ; 2501,19 ; 2561,23 ; 2599,73
